000 000 000 000 000 000 000 000 000 000 000 000 000 000 000 000 000 000 000 000 000 000 000 000 000 000 000 000
000 000 000 000 000 000 000 000 000 000 000 000 000 000 000 000 000 000 000 000 000 000 000 000 000 000 000 000
000 000 000 000 000 000 000 000 000 000 000 000 000 000 000 000 000 000 000 000 000 000 000 000 000 000 000 000
000 000 000 000 000 000 000 000 000 000 000 000 000 000 000 000 000 000 000 000 000 000 000 000 000 000 000 000
000 000 000 000 000 000 000 000 000 000 000 000 000 000 000 000 000 000 000 000 000 000 000 000 000 000 000 000
000 000 000 000 000 000 000 000 000 000 000 000 000 000 000 000 000 000 000 000 000 000 000 000 000 000 000 000
000 000 000 000 000 000 000 000 000 000 000 000 000 000 000 000 000 000 000 000 000 000 000 000 000 000 000 000
000 000 000 000 000 000 000 000 000 000 000 000 000 000 000 000 000 000 000 000 000 000 000 000 000 000 000 000
000 000 000 000 000 000 000 000 000 000 000 000 000 000 000 000 013 013 039 000 000 000 000 000 106 091 000 000
000 000 000 000 000 000 000 000 000 002 000 000 000 013 072 031 075 072 070 072 039 041 104 114 127 114 005 000
000 000 000 000 000 000 002 002 000 000 000 033 070 101 101 117 127 106 098 150 200 195 114 065 067 127 093 000
000 002 002 002 000 000 000 000 000 015 080 091 127 195 158 059 143 148 119 171 200 192 153 083 109 143 158 000
000 000 000 000 000 002 000 018 075 114 166 158 114 124 085 166 255 130 111 083 135 174 158 174 174 132 163 049
000 010 036 052 054 093 091 091 104 088 052 080 200 119 122 148 184 218 202 174 174 176 187 158 150 158 182 044
072 091 088 101 091 104 106 109 101 078 088 101 127 192 215 182 182 223 228 234 226 200 174 166 187 163 156 054
109 171 114 083 088 075 083 088 080 057 104 169 148 117 163 215 244 205 197 208 202 215 182 148 135 096 106 065
015 101 127 132 122 114 119 106 127 171 200 184 210 231 236 200 101 033 013 007 023 000 013 041 067 075 054 085
000 000 041 062 080 078 078 083 143 182 122 098 096 088 041 031 044 088 088 067 049 093 098 096 101 096 096 075
000 000 002 013 057 059 054 080 067 026 026 039 059 101 114 150 137 098 111 132 153 135 122 119 127 140 148 080
000 000 000 000 000 000 010 059 059 093 153 137 117 075 106 062 085 098 091 049 117 106 093 085 080 049 033 000
000 000 000 000 000 000 000 000 000 000 000 000 000 000 000 000 000 000 000 000 000 000 000 000 000 000 000 000
000 000 000 000 000 000 000 000 000 000 000 000 000 000 000 000 000 000 000 000 000 000 000 000 000 000 000 000
000 000 000 000 000 000 000 000 000 000 000 000 000 000 000 000 000 000 000 000 000 000 000 000 000 000 000 000
000 000 000 000 000 000 000 000 000 000 000 000 000 000 000 000 000 000 000 000 000 000 000 000 000 000 000 000
000 000 000 000 000 000 000 000 000 000 000 000 000 000 000 000 000 000 000 000 000 000 000 000 000 000 000 000
000 000 000 000 000 000 000 000 000 000 000 000 000 000 000 000 000 000 000 000 000 000 000 000 000 000 000 000
000 000 000 000 000 000 000 000 000 000 000 000 000 000 000 000 000 000 000 000 000 000 000 000 000 000 000 000
000 000 000 000 000 000 000 000 000 000 000 000 000 000 000 000 000 000 000 000 000 000 000 000 000 000 000 000
